2
53
10 "AMA VILA CALIFORNIA" 0.0
12 "AMA ALEXANDRE ZAIO" 0.0
13 "AMA SÍTIO DA CASA PINTADA" 0.0
14 "AMA VILA GUARANI" 0.0
18 "AMA JARDIM CAMPOS" 0.0
19 "AMA HOSPITAL TATUAPÉ" 0.0
20 "AMA SAPOPEMBA" 0.0
21 "AMA JARDIM GRIMALDI" 0.0
22 "AMA HUMBERTO GASTÃO BODRA" 0.0
23 "AMA JARDIM SÃO FRANCISCO II" 0.0
24 "AMA JARDIM SANTO ANDRÉ" 0.0
25 "AMA DR. TITO LOPES DA SILVA" 0.0
26 "AMA JARDIM TIETE I" 0.0
27 "AMA HERMENEGILDO MORBIN JUNIOR" 0.0
28 "AMA JARDIM TRÊS MARIAS" 0.0
29 "AMA JARDIM POPULAR" 0.0
30 "AMA MAURICE PATE" 0.0
31 "AMA CHÁCARA CRUZEIRO DO SUL" 0.0
32 "AMA PARI" 0.0
33 "AMA HOSPITAL DR. IGNÁCIO PROENÇA DE GOUVEA" 0.0
34 "AMA JARDIM ETELVINA" 0.0
35 "AMA JOSE BONIFACIO III" 0.0
36 "AMA GUAIANASES" 0.0
37 "AMA PARQUE PAULISTANO" 0.0
38 "AMA JARDIM ROMANO" 0.0
39 "AMA JARDIM HELENA" 0.0
50 "AMA ÁGUA RASA" 0.0
51 "AMA VILA ORATÓRIO" 0.0
52 "AMA VILA ANTONIETA" 0.0
54 "AMA ESPECILIDADES VILA BERTIOGA" 0.0
55 "AMA JARDIM NORDESTE" 0.0
56 "AMA PADRE MANOEL DA NÓBREGA" 0.0
57 "AMA CANGAÍBA - DR. CARLOS GENTILE DE MELLO" 0.0
58 "AMA ENGENHEIRO GOULART - DR. JOSÉ PIRES" 0.0
59 "AMA VILA CARRÃO" 0.0
60 "AMA CIDADE LIDER I" 0.0
61 "AMA JARDIM BRASILIA" 0.0
62 "AMA VILA ITAPEMA" 0.0
63 "AMA CASTRO ALVES" 0.0
64 "AMA FAZENDA DO CARMO" 0.0
65 "AMA ERMELINO MATARAZZO" 0.0
66 "AMA HUMBERTO CERRUTI" 0.0
67 "AMA PRESIDENTE JUSCELINO KUBITSCHEK" 0.0
68 "AMA JARDIM DA CONQUISTA III" 0.0
69 "AMA JARDIM DAS LARANJEIRAS" 0.0
70 "AMA ESPECIALIDADES TEXIMA BOA ESPERANĆ‡A" 0.0
71 "AMA JARDIM DAS OLIVEIRAS" 0.0
72 "AMA JARDIM NELIA" 0.0
73 "AMA TEXIMA" 0.0
75 "AMA ÁGUIA DE HAIA" 0.0
76 "AMA PARADA XV DE NOVEMBRO" 0.0
77 "AMA VILA CARMOSINA" 0.0
78 "AMA WALDOMIRO DE PAULA" 0.0
150
10 33 6.7
10 19 12.5
10 27 2.7
10 14 5.6
10 30 14.0
12 33 15.0
12 21 9.1
12 75 5.7
12 28 4.6
12 29 5.5
12 78 7.3
12 31 5.9
13 18 5.3
13 37 4.2
13 25 2.2
13 28 5.6
13 76 3.7
13 78 3.0
14 33 9.1
14 21 3.7
14 22 7.2
14 10 5.6
14 27 5.5
14 75 12.0
14 30 9.1
18 34 3.6
18 35 6.0
18 36 6.0
18 38 6.4
18 72 4.0
18 25 4.7
18 13 5.3
19 32 8.0
19 33 7.3
19 10 12.5
19 30 2.5
19 31 4.8
20 21 4.9
20 22 2.3
20 23 5.4
20 24 8.1
20 26 2.3
21 20 4.9
21 22 4.7
21 26 4.8
21 27 5.8
21 12 9.1
21 14 3.7
22 20 2.3
22 21 4.7
22 27 7.9
22 75 15.8
22 14 7.2
23 34 15.4
23 20 5.4
23 24 3.4
23 26 6.1
24 20 8.1
24 23 3.4
24 26 8.9
25 18 4.7
25 37 4.8
25 39 4.8
25 76 4.6
25 13 2.2
25 63 11.4
26 20 2.3
26 21 4.8
26 23 6.1
26 24 8.9
26 75 11.8
26 76 11.9
27 21 5.8
27 22 7.9
27 10 2.7
27 14 5.5
28 37 9.1
28 12 4.6
28 29 2.2
28 13 5.6
28 61 7.2
28 62 7.4
28 78 8.2
28 31 5.0
29 51 10.0
29 28 2.2
29 12 5.5
29 30 5.0
29 31 5.8
30 32 9.4
30 33 9.8
30 19 2.5
30 54 11.0
30 10 14.0
30 75 10.3
30 29 5.0
30 14 9.1
30 31 3.4
31 19 4.8
31 59 5.6
31 12 5.9
31 28 5.0
31 29 5.8
31 30 3.4
32 33 8.1
32 50 9.1
32 19 8.0
32 30 9.4
33 32 8.1
33 19 7.3
33 10 6.7
33 12 15.0
33 30 9.8
33 14 9.1
34 18 3.6
34 35 2.9
34 36 2.3
34 68 12.4
34 23 15.4
35 34 2.9
35 18 6.0
35 36 1.1
36 34 2.3
36 18 6.0
36 35 1.1
36 72 8.8
37 38 6.7
37 39 2.5
37 25 4.8
37 28 9.1
37 13 4.2
38 18 6.4
38 67 15.1
38 37 6.7
38 39 6.0
38 72 5.2
38 73 3.4
39 65 5.0
39 37 2.5
39 38 6.0
39 25 4.8
39 73 6.1
50 32 9.1
50 51 4.2
50 54 2.5
50 61 11.0
50 78 17.7
51 50 4.2
51 52 5.6
51 54 3.0
51 55 13.9
51 59 6.0
51 29 10.0
51 62 7.0
52 51 5.6
52 54 8.1
52 55 8.8
52 56 3.6
52 61 4.0
54 50 2.5
54 51 3.0
54 52 8.1
54 30 11.0
55 51 13.9
55 52 8.8
55 56 4.5
55 57 6.6
56 52 3.6
56 55 4.5
56 57 8.2
56 58 8.7
56 59 5.0
57 55 6.6
57 56 8.2
57 58 1.0
57 59 7.1
58 56 8.7
58 57 1.0
58 59 8.3
58 60 11.8
59 51 6.0
59 56 5.0
59 57 7.1
59 58 8.3
59 60 7.3
59 61 4.2
59 31 5.6
60 65 4.0
60 58 11.8
60 59 7.3
60 61 3.5
60 62 6.8
61 50 11.0
61 66 7.0
61 52 4.0
61 59 4.2
61 60 3.5
61 28 7.2
61 62 2.5
61 63 12.7
62 64 3.0
62 51 7.0
62 60 6.8
62 28 7.4
62 61 2.5
62 63 15.3
63 64 3.0
63 65 15.4
63 66 17.2
63 67 2.9
63 25 11.4
63 61 12.7
63 62 15.3
64 65 13.0
64 66 14.6
64 69 6.4
64 62 3.0
64 63 3.0
65 64 13.0
65 66 3.1
65 67 14.9
65 39 5.0
65 60 4.0
65 63 15.4
66 64 14.6
66 65 3.1
66 67 17.1
66 61 7.0
66 63 17.2
67 65 14.9
67 66 17.1
67 68 11.0
67 69 9.4
67 38 15.1
67 72 9.5
67 78 7.6
67 63 2.9
68 34 12.4
68 67 11.0
68 69 3.4
68 70 21.6
68 71 2.8
68 72 18.0
69 64 6.4
69 67 9.4
69 68 3.4
69 70 18.1
70 68 21.6
70 69 18.1
70 71 1.3
70 72 3.1
71 68 2.8
71 70 1.3
71 72 2.7
71 73 1.0
71 77 13.7
72 18 4.0
72 67 9.5
72 68 18.0
72 36 8.8
72 70 3.1
72 38 5.2
72 71 2.7
72 73 3.2
72 75 12.0
73 38 3.4
73 71 1.0
73 39 6.1
73 72 3.2
73 75 11.5
73 76 8.8
75 22 15.8
75 72 12.0
75 73 11.5
75 26 11.8
75 76 6.3
75 12 5.7
75 77 5.6
75 14 12.0
75 30 10.3
75 78 5.1
76 73 8.8
76 25 4.6
76 26 11.9
76 75 6.3
76 77 3.7
76 13 3.7
76 78 1.1
77 71 13.7
77 75 5.6
77 76 3.7
77 78 2.7
78 50 17.7
78 67 7.6
78 75 5.1
78 76 1.1
78 28 8.2
78 12 7.3
78 77 2.7
78 13 3.0
